79832938421
79233101185
79082122524
79029565201
79131914194
79233687794
79832691807
79535885776
79232884197
79233688681
79131947578
79230166360
79082052586
79509927930
79082230161
79135163411
79233627381
79082067420
79233440988
79135650955
79232734115
79135398104
79135914651
79232977816
79080055227
79630021030
79080062512
79617536704
79129780198
79195843866
79128394444
79225666183
79630035656
79091702964
79058507498
79634379583
79658667182
79058513257
79129788193
79080063775
79128317047
79630108750
79034591093
79091746196
79181101989
79195760887
79182465828
79091481106
79181765374
79512711384
79630029855
79128345495
79183164301
79195721115
79189469359
79512737019
79128335048
79091478077
79615356067
79195686010
79615708182
79189911980
79634388748
79183804252
79648942995
79003839960
79181369111
79128328367
79091482105
79528481385
79125234111
79182616500
79630058995
79512631898
79068833618
79284006780
79617512050
79080056872
79129780298
79195709140
79097231283
79632777441
79512727415
79091758311
79226710342
79288482210
79187476206
79996306020
79233014580
79885260136
79135142580
79884129375
79180417672
79183923169
79648985125
79951238763
79530791201
79125762833
79128333534
79883688086
79189214885
79091709867
79094644891
79094480303
79634365570
79181115434
79189379327
79128353595
79064343666
79924220806
79284212202
79128328161
79649164825
79512724717
79886036920
79924299802
79881485555
79195652727
79885249096
79634388738
79180098999
79180138106
79898503798
79615123415
79385118848
79195933535
79638657495
79184644346
79088332686
79282043169
79128303101
79996354223
79186222342
79180468844
79097248284
79091492962
79385049569
79280390485
79384139012
79180759241
79630048650
79189604047
79125713060
79885095910
79128350851
79384160587
79181500168
79034574947
79189316141
79883861772
79284199628
79207093757
79183332222
79510753673
79385081010
79202694231
79092380309
79182673080
79606845104
79284283765
79102152907
79180743863
79192177600
79180141001
79513143016
79606821334
79184525862
79606746899
79180271618
79081215775
79191764062
79615155035
79513393660
79881850707
79192762987
79186395419
79207265078
79189990872
79081234217
79615361838
79155154785
79181778608
79184350859
79191305113
79183389822
79051548487
79184482520
79184437991
79513192424
79385229606
79308541599
79189999047
79094709846
79508796199
79183387422
79155125444
79513157400
79202678001
79513380066
79155135969
79092393854
79081243930
79045254648
79513117713
79191777746
79202672960
79038728844
79623762655
79103124463
79066890324
79081275156
79606766210
79036397859
79202678098
79207231340
79513137753
79509748817
79832925331
79029612845
79048900937
79233249932
79333347358
79029905742
79069163356
79135958460
79538544232
79538561626
79029113505
79131885557
79293574557
79509758570
79130302928
79130430831
79029135187
79069134660
79138397503
79233307400
79831550880
79504358062
79831528838
79048951965
79504372809
79082109223
79135841555
79606985628
79065755244
79513328074
79102117370
79155182604
79207001514
79102147160
79038713868
79513378530
79513120272
79510857484
79513260016
79102702429
79513210402
79207162851
79038705913
79102148264
79513112124
79155157879
79202670135
79191720730
79233009777
79029678389
79029820825
79835050737
79135670928
79135986027
79135078213
79509955003
79237878058
79232893560
79029212620
79535982923
79233149080
79135862412
79135354356
79960532119
79513114566
79510753669
79510891688
79513229887
79606742487
79051543653
79102138232
79510846113
79081208505
79513236414
79606755821
79102720084
79191324166
79038749858
79089509515
79069366442
79155130453
79049942194
79133202585
79307635636
79511838226
79095195800
79092368512
79134204698
79089563349
79089468518
79089563857
79050411575
79515794414
79505955545
79069801771
79103103715
79515847215
79513224690
79049691678
79234926293
79233544996
79000555425
79510765718
79059024525
79207190020
79235346668
79502753349
79207303826
79089563898
79131845346
79102105052
79617039716
79510784177
79510822724
79515814826
79059481034
79233226485
79521718213
79029929592
79069330834
79631918801
79089495769
79502714461
79535933339
79235028969
79511686551
79233768886
79082243033
79236137551
79069852349
79617039743
79515937904
79235206634
79089550143
79502603638
79631917622
79505921169
79505922366
79233788840
79513309391
79232708505
79611675487
79293550283
79066944778
79131918104
79513315122
79207075734
79509956545
79508772110
79135177888
79513383565
79836105181
79051541684
79535938808
79620775581
79509721642
79505901414
79082147138
79003529466
79232947145
79508052748
79202407397
79038661169
79835074406
79513025448
79005987600
79056890129
79038615174
79504258640
79192557601
79029689147
79103508280
79504172870
79135599559
79803557465
79042199935
79135941545
79508021509
79620722439
79616056262
79103564260
79333339283
79046895495
79056822824
79601404777
79050441255
79601414534
79525903393
79042800482
79205161806
79192575164
79046875228
79056890311
79508046673
79042815373
79066832145
79103529466
79030317915
79046903803
79046879542
79042873824
79525935758
79046813893
79103505556
79046822863
79508050869
79205057742
79038631919
79056825273
79102542956
79009879507
79066841969
79046912767
79192575165
79046975120
79525929899
79086013192
79065942752
79525981202
79508035099
79042943595
79205044401
79102519883
79205131002
79508012655
79205383203
79525963382
79042199614
79042979595
79042813401
79205057171
79046859636
79191643032
79525981374
79066862812
79526956174
79802669364
79046903215
79042825067
79046969246
79046858731
79005998673
79997874152
79056835474
79525927903
79046835517
79042861328
79192575167
79155507730
79009898137
79049626888
79095155744
79236148742
79043734247
79513002772
79521731535
79107428090
79134264586
79513005225
79505746561
79205287307
79049935091
79043749121
79525908982
79511661979
79505859706
79128010733
79514594026
79511275650
79193206664
79502644749
79518066190
79039931555
79128040741
79236038447
79085862011
79507319167
79085832922
79634773770
79507486045
79090924909
79080805524
79517912821
79080731607
79194045097
79090980563
79068510105
79191241877
79517941800
79026085717
79512443242
79615796224
79090930749
79049770903
79097470906
79048010707
79525988032
79090989222
79194078973
79049767220
79124026150
79068986644
79048115893
79517820671
79028613861
79048146145
79128027823
79280555045
79884471285
79066872914
79667960572
79042915529
79034824179
79282959000
79205136605
79046971633
79894716330
79046933317
79884570747
79036430008
79513011036
79042859310
79063737774
79894513375
79102520950
79525926385
79068514916
79382062676
79042830021
79068980223
79280477122
79038664818
79046892476
79034246903
79193470696
79285508929
79513030086
79674065445
79193123595
79285345828
79513033683
79286772767
79205198280
79514416039
79604216677
79049473035
79633729908
79508052122
79654932999
79030902057
79288061916
79068505814
79285080030
79674066222
79191606768
79823157723
79282779348
79103598358
79883033295
79280620313
79128057099
79667418393
79065937732
79884207207
79068517319
79887789391
79517836337
79898882530
79285770763
79882254460
79809182776
79634174499
79898802080
79604182309
79080552065
79094823029
79085864838
79634199911
79883070800
79049750022
79894800519
79525193105
79285103671
79634235454
79280500473
79127713799
79285286808
79387858833
79886344451
79511193201
79090974751
79894833537
79028904892
79289818401
79127737670
79285379244
79640138573
79640173826
79640175649
79064481589
79654913053
79286743694
79886385629
79654933362
79288311611
79280459559
79673970234
79285172912
79637929898
79289411812
79634181655
79679402027
79205068390
79285058857
79188618793
79158582603
79191624840
79046947461
79205442355
79065957230
79103595885
79623522625
79005995106
79094796229
79286783203
79284624296
79882765353
79898890017
79202471074
79289799656
79280568181
79288325552
79601506926
79285332852
79640128866
79285514559
79289773219
79042874899
79884445780
79202492520
79038601171
79634070169
79005948735
79896669368
79019107826
79657733335
79508058473
79604120919
79103569809
79513072982
79886301563
79288673943
79285175366
79670313535
79286748583
79883028323
79387804040
79894797927
79640002368
79604192250
79034773834
79064467306
79634027671
79285343174
79882935031
79285138666
79298759662
79387822503
79674061752
79034807755
79887903314
79882735606
79280569797
79674020378
79604197587
79285442617
79280620312
79887788334
79285251015
79898717759
79387915823
79882918778
79896613274
79285367417
79094852252
79887833464
79634220438
79896690069
79289509587
79887935026
79285689450
79285230358
79882994361
79640193256
79993101667
79887788371
79064509790
79898928511
79886950995
79654873295
79896747208
79627748063
79286754999
79640202135
79285835882
79034999896
79288675555
79604185883
79034985186
79887910443
79887994449
79618388288
79282842112
79887740103
79896690807
79882062007
79634076969
79882993331
79886316358
79887755166
79634787337
79049710993
79030915400
79634690992
79514453551
79514783366
79514538296
79068617161
79085863891
79323056533
79049702786
79285332222
79517813472
79823254059
79525072114
79514433335
79514463121
79617882959
79080491414
79049417932
79288094148
79090880286
79068654304
79618351717
79525027859
79280641303
79285801209
79323012002
79280554925
79823301800
79604076339
79634690354
79518138129
79882920390
79507227304
79080626593
79080561914
79226377570
79630888055
79886906067
79220174444
79034779924
79995893506
79085760577
79827646793
79654897870
79525010195
79604079177
79514704958
79894739187
79507248481
79094788795
79514330709
79894486483
79822762913
79288668880
79288010058
79525072553
79080404739
79288371789
79085742896
79658540116
79507210524
79511237414
79227262753
79026104511
79898867379
79823068852
79887839968
79514694251
79896686935
79285944555
79681111240
79285392341
79000638721
79080677145
79507259388
79193102215
79882637400
79285059855
79094817040
79089399225
79882097620
79123252154
79285156060
79387963045
79896609030
79064484209
79285885236
79288032127
79032478976
79285493650
79104817151
79661070033
79161452535
79633749659
79152270533
79896603194
79099770077
79604115682
79031903131
79288390094
79604120106
79852470088
79031109570
79285453985
79265322533
79887102028
79262632388
79679399694
79094840078
79035570997
79285999758
79855212882
79285488627
79265264573
79776768107
79263952450
79207949096
79251998380
79636769949
79604154777
79282762011
79197656349
79612391484
79382034088
79104687408
79152355705
79887718392
79285617525
79096316032
79282507916
79286831402
79612544448
79036719997
79265645597
79263011420
79164996330
79856448528
79280521803
79268287645
79265419622
79288696344
79152889676
79851243254
79264028745
79269116547
79055691971
79282852937
79857875287
79639998150
79267323038
79169350522
79285933855
79285667244
79153415857
79673912141
79661696764
79773527344
79285569143
79250474622
79654861814
79099049977
79285705792
79261788057
79251262846
79604106493
79261116392
79285929993
79887788658
79269438298
79778935054
79898877972
79653765214
79894858555
79285122355
79851515201
79882002091
79637958740
79269753591
79289892255
79775229490
79852240285
79169944668
79261666669
79151961516
79099782844
79127334827
79037508508
79285091247
79037151151
79992424121
79250925731
79898709933
79285379351
79260878158
79285656072
79296119295
79285959181
79640203046
79645542108
79604215404
79852683976
79851931585
79268866981
79285109773
79852231662
79671480222
79640047522
79857708876
79859900628
79285837331
79851603582
79280488227
79163490734
79652555854
79296300893
79670261518
79280530831
79263740845
79160114486
79260770442
79884569303
79256278568
79884339454
79175011344
79096324929
79166617335
79285393475
79894582901
79772975912
79288053311
79280570368
79251891051
79894506024
79150380346
79887887449
79255977789
79253101725
79285035147
79035469292
79188423859
79285731102
79269990322
79894695662
79285293381
79099880200
79964209646
79882996651
79154104041
79188465378
79298723737
79604178839
79161092711
79633733743
79160615490
79288370969
79637938813
79778550598
79285155612
79167300417
79034292121
79296770694
79288380558
79264067960
79257094213
79773850008
79286774293
79653300001
79031831387
79251338335
79634157897
79261823352
79640184241
79251688381
79255025710
79285253149
79013659795
79285453203
79260290316
79255448144
79858913185
79884200309
79898897145
79653857754
79034809192
79166126175
79015461196
79255291808
79629607354
79255087972
79280537469
79037450240
79166765918
79015116411
79032601977
79166210935
79651999920
79856952485
79250430365
79645268338
79859969872
79266863165
79250048151
79636824411
79663439009
79647900467
79035083571
79260754979
79099094288
79296380402
79150606962
79260759498
79646401459
79055981089
79255109774
79262341370
79258686728
79652535160
79254004504
79032330000
79153970842
79653536888
79778057508
79266393043
79854440808
79851586636
79035428724
79152485000
79295623172
79099972525
79637247703
79252695575
79661111504
79099239368
79258475112
79265383344
79250220534
79175445708
79151008282
79104203776
79165573703
79652233393
79771552271
79166949784
79152270520
79250026200
79647273355
79852310317
79175400641
79167854652
79252291136
79269661171
79859881669
79057136514
79258666986
79778984853
79683359195
79257134416
79268961607
79267070507
79262315860
79096207929
79285715222
79680931453
79163328701
79282982235
79032988585
79197713555
79295887124
79037861000
79268632913
79057602224
79262142257
79169977337
79057602580
79652869591
79060624465
79163956485
79253398551
79250705016
79685411374
79262335947
79162637074
79672774307
79150600124
79060339006
79262585994
79651454663
79037954586
79150118886
79623609072
79671939705
79685487300
79259990804
79099177808
79031896592
79032573623
79251301777
79687772444
79055388885
79263013271
79773263002
79032849860
79154252255
79252804123
79773330923
79050048804
79168518511
79099814281
79295094921
79162093074
79263847988
79256050504
79262153029
79167474079
79851300476
79258417727
79255895587
79859143408
79257387763
79263902522
79037599215
79167311817
79645097288
79164883646
79037283897
79670852596
79999877798
79096297786
79261824650
79684888616
79162926802
79265204598
79164236315
79266309036
79015175939
79937779999
79260974771
79267281958
79663408428
79852606090
79057428808
79286778555
79288027252
79654879170
79288660838
79288654834
79285196413
79285459437
79633753859
79654938507
79286812958
79280548899
79673982828
79285609288
79285577540
79034771637
79282878986
79282437340
79285847220
79285023204
79382061306
79898680168
79280580200
79896575911
79882781051
79285013839
79285512203
79285580688
79882962084
79634114884
79289872254
79285258293
79298697477
79894879699
79289772309
79894639941
79288392627
79286779371
79064468263
79634222036
79894771576
79285157915
79894485157
79896556549
79285459559
79898908834
